REMARK
REMARK ncIDP chemical shift table
REMARK compiled @ 11th march 2010
REMARK compilation based on 14 IDPs
REMARK authors:
REMARK          K.Tamiola
REMARK          R.Otten
REMARK          F.A.A.Mulder
REMARK 
REMARK Nucleus Order:
REMARK   H HA C CA CB N
REMARK DO NOT CHANGE THE ORDER!
REMARK
   A	0.088   8.158   -0.056	-0.046   4.224   -0.042	0.068   178.418   -0.816	0.161   52.599   -0.187	-0.135   19.102   0.018	-0.639   123.906   -0.004
   R	0.251   8.232   -0.039	-0.004   4.239   -0.017	-0.246   176.821   -0.625	0.029   56.088   -0.258	-0.038   30.691   0.046	1.909   121.288   -0.065
   D	0.081   8.217   -0.003	-0.024   4.537   -0.009	0.059   176.987   -0.853	0.290   54.331   -0.095	-0.182   41.089   0.079	0.679   120.207   -0.373
   N	0.130   8.366   -0.023	-0.004   4.632   -0.033	-0.052   175.825   -0.849	0.293   53.231   -0.067	-0.205   38.790   -0.013	0.699   118.668   -0.219
   C	0.293   8.410   0.375	0.025   4.447   -0.008	-0.417   174.927   -0.610	-0.006   58.327   0.047	0.008   28.085   -0.170	3.100   119.068   0.785
   E	0.174   8.304   -0.014	-0.048   4.222   -0.005	-0.032   177.125   -0.503	0.171   56.650   -0.071	-0.119   30.225   0.065	1.226   120.769   -0.100
   Q	0.225   8.258   -0.016	-0.009   4.254   -0.039	-0.153   176.510   -0.551	0.125   55.840   -0.098	-0.064   29.509   0.004	1.700   120.224   -0.087
   G	0.000   8.307   0.000	0.000   3.98   0.000	0.000   174.630   0.000	0.000   45.236   0.000	0.000   0.000   0.000	0.000   108.783   0.000
   H	0.141   8.310   -0.136	-0.019   4.585   -0.059	-0.243   175.349   -0.677	0.069   55.964   -0.248	-0.093   29.719   0.041	1.761   118.930   -0.225
   I	0.250   7.963   -0.071	0.010   4.076   0.000	-0.045   176.897   -0.559	-0.087   61.247   -0.129	-0.111   38.563   0.093	4.205   120.512   -0.167
   L	0.105   8.088   -0.086	-0.042   4.260   -0.021	-0.115   178.037   -0.612	0.083   55.260   -0.184	-0.143   42.212   -0.053	0.835   121.877   -0.397
   K	0.174   8.221   -0.053	-0.031   4.237   -0.011	-0.117   177.224   -0.520	0.195   56.412   -0.142	-0.102   32.921   0.029	1.311   121.353   0.068
   M	0.205   8.209   -0.066	-0.018   4.425   -0.018	-0.118   176.953   -0.271	0.028   55.591   -0.061	-0.139   32.690   -0.205	1.407   120.002   -0.145
   F	0.079   8.107   -0.133	-0.040   4.573   -0.052	-0.672   176.368   -0.891	-0.163   57.934   -0.247	0.059   39.660   0.023	2.238   120.138   -0.484
   P	0.292   0.000   -0.028	-0.032   4.337   0.276	-0.040   177.542   -2.874	0.021   63.180   -2.423	-0.151   32.072   -0.426	0.569   136.612   1.072
   S	0.230   8.215   -0.002	0.006   4.392   0.030	-0.128   175.236   -0.483	0.155   58.352   -0.151	-0.153   63.766   0.087	2.297   115.935   -0.053
   T	0.211   8.047   0.042	-0.005   4.252   0.065	-0.130   175.122   -0.327	0.143   61.926   -0.122	-0.072   69.794   0.086	2.680   114.024   0.076
   W	-0.555   7.725   0.032	-0.168   4.567   -0.082	-0.465   174.549   -0.694	0.014   57.500   -0.201	-0.046   29.380   0.069	0.795   120.733   -0.273
   Y	-0.052   8.026   -0.093	-0.035   4.504   -0.044	-0.633   176.284   -0.848	-0.245   57.761   -0.148	0.017   38.750   0.019	2.729   120.228   -0.387
   V	0.259   8.037   -0.052	-0.007   4.009   0.021	-0.198   176.772   -0.662	0.075   62.347   -0.214	-0.147   32.674   0.044	4.507   120.403   -0.047
